Frags;Deaths
;13
26;